date,confirmed,deaths,recovered,new confirmed cases,new deaths,new recoveries,active cases,tests,movement restriction,information politics
2020-1-22,0,0,0,0,0,0,0,0,0,0
2020-1-23,0,0,0,0,0,0,0,0,0,0
2020-1-24,0,0,0,0,0,0,0,0,0,0
2020-1-25,0,0,0,0,0,0,0,0,0,0
2020-1-26,0,0,0,0,0,0,0,0,0,0
2020-1-27,0,0,0,0,0,0,0,0,0,0
2020-1-28,0,0,0,0,0,0,0,0,0,1
2020-1-29,0,0,0,0,0,0,0,0,0,1
2020-1-30,0,0,0,0,0,0,0,0,0,1
2020-1-31,0,0,0,0,0,0,0,0,0,1
2020-2-1,0,0,0,0,0,0,0,0,0,1
2020-2-2,0,0,0,0,0,0,0,0,0,1
2020-2-3,0,0,0,0,0,0,0,0,0,1
2020-2-4,0,0,0,0,0,0,0,0,0,1
2020-2-5,0,0,0,0,0,0,0,0,0,1
2020-2-6,0,0,0,0,0,0,0,0,0,1
2020-2-7,0,0,0,0,0,0,0,0,0,1
2020-2-8,0,0,0,0,0,0,0,0,0,1
2020-2-9,0,0,0,0,0,0,0,0,0,1
2020-2-10,0,0,0,0,0,0,0,0,0,1
2020-2-11,0,0,0,0,0,0,0,0,0,1
2020-2-12,0,0,0,0,0,0,0,0,0,1
2020-2-13,0,0,0,0,0,0,0,0,0,1
2020-2-14,0,0,0,0,0,0,0,0,0,1
2020-2-15,0,0,0,0,0,0,0,0,0,1
2020-2-16,0,0,0,0,0,0,0,0,0,1
2020-2-17,0,0,0,0,0,0,0,0,0,1
2020-2-18,0,0,0,0,0,0,0,0,0,1
2020-2-19,0,0,0,0,0,0,0,0,0,1
2020-2-20,0,0,0,0,0,0,0,0,0,1
2020-2-21,0,0,0,0,0,0,0,0,0,1
2020-2-22,0,0,0,0,0,0,0,0,0,1
2020-2-23,0,0,0,0,0,0,0,0,0,1
2020-2-24,0,0,0,0,0,0,0,0,0,1
2020-2-25,0,0,0,0,0,0,0,0,0,1
2020-2-26,1,0,0,1,0,0,1,1,0,1
2020-2-27,1,0,0,0,0,0,1,1,0,1
2020-2-28,6,0,0,5,0,0,6,6,0,1
2020-2-29,15,0,0,9,0,0,15,15,0,1
2020-3-1,19,0,0,4,0,0,19,19,1,6
2020-3-2,25,0,0,6,0,0,25,25,1,6
2020-3-3,32,0,0,7,0,0,32,32,1,6
2020-3-4,56,0,0,24,0,0,56,56,1,6
2020-3-5,87,0,0,31,0,0,87,87,1,6
2020-3-6,108,0,0,21,0,0,108,108,1,6
2020-3-7,147,0,0,39,0,0,147,147,1,6
2020-3-8,176,0,0,29,0,0,176,176,1,6
2020-3-9,205,0,1,29,0,1,204,205,1,6
2020-3-10,400,0,1,195,0,0,399,400,1,6
2020-3-11,598,0,1,198,0,0,597,598,1,6
2020-3-12,702,0,1,104,0,0,701,702,6,6
2020-3-13,996,0,1,294,0,0,995,996,6,6
2020-3-14,1090,3,1,94,3,0,1086,1090,6,6
2020-3-15,1221,3,1,131,0,0,1217,1221,6,6
2020-3-16,1333,3,1,112,0,0,1329,1333,6,6
2020-3-17,1463,3,1,130,0,0,1459,1463,6,6
2020-3-18,1550,6,1,87,3,0,1543,1550,6,6
2020-3-19,1746,7,1,196,1,0,1738,1746,6,6
2020-3-20,1914,7,1,168,0,0,1906,1914,6,6
2020-3-21,2118,7,1,204,0,0,2110,2118,6,6
2020-3-22,2385,7,1,267,0,0,2377,2385,6,6
2020-3-23,2621,10,1,236,3,0,2610,2621,6,6
2020-3-24,2863,12,6,242,2,5,2845,42558,6,6
2020-3-25,3084,14,6,221,2,0,3064,68772,6,6
2020-3-26,3369,14,6,285,0,0,3349,71362,6,6
2020-3-27,3755,19,6,386,5,0,3730,72865,6,6
2020-3-28,4015,23,7,260,4,1,3985,76308,6,6
2020-3-29,4284,25,7,269,2,0,4252,78287,6,6
2020-3-30,4445,32,12,161,7,5,4401,79928,6,6
2020-3-31,4641,39,13,196,7,1,4589,82848,6,6
2020-4-1,4863,44,13,222,5,0,4806,70355,6,6
2020-4-2,5147,50,32,284,6,19,5065,90473,6,6
2020-4-3,5370,59,32,223,9,0,5279,93337,6,6
2020-4-4,5550,62,32,180,3,0,5456,96553,6,6
2020-4-5,5687,71,32,137,9,0,5584,99308,6,6
2020-4-6,5865,76,32,178,5,0,5757,101151,6,6
2020-4-7,6086,89,32,221,13,0,5965,103748,6,6
2020-4-8,6086,101,32,0,12,0,5953,107764,6,6
2020-4-9,6211,108,32,125,7,0,6071,110434,6,6
2020-4-10,6314,113,32,103,5,0,6169,112499,6,6
2020-4-11,6409,119,32,95,6,0,6258,113571,6,6
2020-4-12,6525,128,32,116,9,0,6365,98534,6,6
2020-4-13,6603,134,32,78,6,0,6437,98534,6,6
2020-4-14,6623,139,32,20,5,0,6452,107329,6,6
2020-4-15,6740,150,32,117,11,0,6558,108939,6,6
2020-4-16,6896,152,32,156,2,0,6712,112375,6,6
2020-4-17,6937,161,32,41,9,0,6744,114898,6,6
2020-4-18,7036,164,32,99,3,0,6840,117797,6,6
2020-4-19,7078,165,32,42,1,0,6881,120749,6,6
2020-4-20,7156,181,32,78,16,0,6943,121876,6,6
2020-4-21,7191,182,32,35,1,0,6977,123862,6,6
2020-4-22,7338,187,32,147,5,0,7119,127191,6,8
2020-4-23,7401,194,32,63,7,0,7175,133578,6,8
2020-4-24,7463,199,32,62,5,0,7232,133578,6,8
2020-4-25,7499,201,32,36,2,0,7266,133578,6,8
2020-4-26,7527,201,32,28,0,0,7294,133578,6,8
2020-4-27,7599,205,32,72,4,0,7362,142704,6,8
2020-4-28,7660,206,32,61,1,0,7422,144314,6,8
2020-4-29,7710,207,32,50,1,0,7471,147482,6,8
2020-4-30,7738,210,32,28,3,0,7496,150917,6,8
